    0.10000e-03    0.53498e+03
    0.10202e-03    0.54535e+03
    0.10408e-03    0.55591e+03
    0.10618e-03    0.56668e+03
    0.10833e-03    0.57766e+03
    0.11052e-03    0.58885e+03
    0.11275e-03    0.60026e+03
    0.11503e-03    0.61188e+03
    0.11735e-03    0.62373e+03
    0.11972e-03    0.63582e+03
    0.12214e-03    0.64813e+03
    0.12461e-03    0.66068e+03
    0.12712e-03    0.67348e+03
    0.12969e-03    0.68652e+03
    0.13231e-03    0.69981e+03
    0.13499e-03    0.71337e+03
    0.13771e-03    0.72718e+03
    0.14049e-03    0.74126e+03
    0.14333e-03    0.75561e+03
    0.14623e-03    0.77024e+03
    0.14918e-03    0.78515e+03
    0.15220e-03    0.80035e+03
    0.15527e-03    0.81585e+03
    0.15841e-03    0.83164e+03
    0.16161e-03    0.84773e+03
    0.16487e-03    0.86414e+03
    0.16820e-03    0.88087e+03
    0.17160e-03    0.89791e+03
    0.17507e-03    0.91529e+03
    0.17860e-03    0.93300e+03
    0.18221e-03    0.95105e+03
    0.18589e-03    0.96944e+03
    0.18965e-03    0.98820e+03
    0.19348e-03    0.10073e+04
    0.19739e-03    0.10268e+04
    0.20138e-03    0.10467e+04
    0.20544e-03    0.10669e+04
    0.20959e-03    0.10875e+04
    0.21383e-03    0.11085e+04
    0.21815e-03    0.11300e+04
    0.22255e-03    0.11518e+04
    0.22705e-03    0.11741e+04
    0.23164e-03    0.11968e+04
    0.23632e-03    0.12199e+04
    0.24109e-03    0.12435e+04
    0.24596e-03    0.12675e+04
    0.25093e-03    0.12920e+04
    0.25600e-03    0.13169e+04
    0.26117e-03    0.13423e+04
    0.26645e-03    0.13683e+04
    0.27183e-03    0.13947e+04
    0.27732e-03    0.14216e+04
    0.28292e-03    0.14490e+04
    0.28864e-03    0.14770e+04
    0.29447e-03    0.15055e+04
    0.30042e-03    0.15345e+04
    0.30649e-03    0.15641e+04
    0.31268e-03    0.15942e+04
    0.31899e-03    0.16250e+04
    0.32544e-03    0.16563e+04
    0.33201e-03    0.16882e+04
    0.33872e-03    0.17207e+04
    0.34556e-03    0.17538e+04
    0.35254e-03    0.17876e+04
    0.35966e-03    0.18220e+04
    0.36693e-03    0.18570e+04
    0.37434e-03    0.18928e+04
    0.38190e-03    0.19292e+04
    0.38962e-03    0.19662e+04
    0.39749e-03    0.20040e+04
    0.40552e-03    0.20425e+04
    0.41371e-03    0.20818e+04
    0.42207e-03    0.21217e+04
    0.43060e-03    0.21624e+04
    0.43929e-03    0.22039e+04
    0.44817e-03    0.22462e+04
    0.45722e-03    0.22892e+04
    0.46646e-03    0.23331e+04
    0.47588e-03    0.23778e+04
    0.48550e-03    0.24233e+04
    0.49530e-03    0.24697e+04
    0.50531e-03    0.25169e+04
    0.51552e-03    0.25650e+04
    0.52593e-03    0.26140e+04
    0.53656e-03    0.26640e+04
    0.54739e-03    0.27148e+04
    0.55845e-03    0.27666e+04
    0.56973e-03    0.28194e+04
    0.58124e-03    0.28731e+04
    0.59299e-03    0.29278e+04
    0.60496e-03    0.29835e+04
    0.61719e-03    0.30403e+04
    0.62965e-03    0.30981e+04
    0.64237e-03    0.31569e+04
    0.65535e-03    0.32169e+04
    0.66859e-03    0.32779e+04
    0.68210e-03    0.33400e+04
    0.69588e-03    0.34033e+04
    0.70993e-03    0.34677e+04
    0.72427e-03    0.35333e+04
    0.73891e-03    0.36001e+04
    0.75383e-03    0.36681e+04
    0.76906e-03    0.37373e+04
    0.78460e-03    0.38077e+04
    0.80045e-03    0.38794e+04
    0.81662e-03    0.39524e+04
    0.83311e-03    0.40267e+04
    0.84994e-03    0.41023e+04
    0.86711e-03    0.41793e+04
    0.88463e-03    0.42576e+04
    0.90250e-03    0.43373e+04
    0.92073e-03    0.44184e+04
    0.93933e-03    0.45010e+04
    0.95831e-03    0.45850e+04
    0.97767e-03    0.46704e+04
    0.99742e-03    0.47574e+04
    0.10176e-02    0.48458e+04
    0.10381e-02    0.49358e+04
    0.10591e-02    0.50273e+04
    0.10805e-02    0.51204e+04
    0.11023e-02    0.52151e+04
    0.11246e-02    0.53115e+04
    0.11473e-02    0.54094e+04
    0.11705e-02    0.55090e+04
    0.11941e-02    0.56103e+04
    0.12182e-02    0.57133e+04
    0.12429e-02    0.58180e+04
    0.12680e-02    0.59245e+04
    0.12936e-02    0.60327e+04
    0.13197e-02    0.61427e+04
    0.13464e-02    0.62545e+04
    0.13736e-02    0.63681e+04
    0.14013e-02    0.64836e+04
    0.14296e-02    0.66009e+04
    0.14585e-02    0.67202e+04
    0.14880e-02    0.68413e+04
    0.15180e-02    0.69644e+04
    0.15487e-02    0.70894e+04
    0.15800e-02    0.72164e+04
    0.16119e-02    0.73454e+04
    0.16445e-02    0.74763e+04
    0.16777e-02    0.76093e+04
    0.17116e-02    0.77443e+04
    0.17462e-02    0.78814e+04
    0.17814e-02    0.80205e+04
    0.18174e-02    0.81617e+04
    0.18541e-02    0.83051e+04
    0.18916e-02    0.84505e+04
    0.19298e-02    0.85980e+04
    0.19688e-02    0.87478e+04
    0.20086e-02    0.88996e+04
    0.20491e-02    0.90536e+04
    0.20905e-02    0.92098e+04
    0.21328e-02    0.93682e+04
    0.21758e-02    0.95288e+04
    0.22198e-02    0.96916e+04
    0.22646e-02    0.98566e+04
    0.23104e-02    0.10024e+05
    0.23571e-02    0.10193e+05
    0.24047e-02    0.10365e+05
    0.24533e-02    0.10539e+05
    0.25028e-02    0.10715e+05
    0.25534e-02    0.10893e+05
    0.26050e-02    0.11073e+05
    0.26576e-02    0.11256e+05
    0.27113e-02    0.11441e+05
    0.27660e-02    0.11628e+05
    0.28219e-02    0.11818e+05
    0.28789e-02    0.12009e+05
    0.29371e-02    0.12203e+05
    0.29964e-02    0.12399e+05
    0.30569e-02    0.12597e+05
    0.31187e-02    0.12797e+05
    0.31817e-02    0.12999e+05
    0.32460e-02    0.13204e+05
    0.33115e-02    0.13410e+05
    0.33784e-02    0.13618e+05
    0.34467e-02    0.13829e+05
    0.35163e-02    0.14041e+05
    0.35874e-02    0.14255e+05
    0.36598e-02    0.14472e+05
    0.37338e-02    0.14690e+05
    0.38092e-02    0.14910e+05
    0.38861e-02    0.15131e+05
    0.39646e-02    0.15355e+05
    0.40447e-02    0.15580e+05
    0.41264e-02    0.15807e+05
    0.42098e-02    0.16035e+05
    0.42948e-02    0.16265e+05
    0.43816e-02    0.16496e+05
    0.44701e-02    0.16728e+05
    0.45604e-02    0.16962e+05
    0.46525e-02    0.17197e+05
    0.47465e-02    0.17434e+05
    0.48424e-02    0.17671e+05
    0.49402e-02    0.17909e+05
    0.50400e-02    0.18149e+05
    0.51419e-02    0.18389e+05
    0.52457e-02    0.18629e+05
    0.53517e-02    0.18871e+05
    0.54598e-02    0.19112e+05
    0.55701e-02    0.19355e+05
    0.56826e-02    0.19597e+05
    0.57974e-02    0.19840e+05
    0.59145e-02    0.20082e+05
    0.60340e-02    0.20325e+05
    0.61559e-02    0.20567e+05
    0.62803e-02    0.20809e+05
    0.64072e-02    0.21050e+05
    0.65366e-02    0.21291e+05
    0.66686e-02    0.21530e+05
    0.68033e-02    0.21769e+05
    0.69408e-02    0.22007e+05
    0.70810e-02    0.22243e+05
    0.72240e-02    0.22478e+05
    0.73700e-02    0.22711e+05
    0.75189e-02    0.22942e+05
    0.76708e-02    0.23171e+05
    0.78257e-02    0.23398e+05
    0.79838e-02    0.23623e+05
    0.81451e-02    0.23844e+05
    0.83096e-02    0.24063e+05
    0.84775e-02    0.24279e+05
    0.86488e-02    0.24491e+05
    0.88235e-02    0.24700e+05
    0.90017e-02    0.24905e+05
    0.91836e-02    0.25106e+05
    0.93691e-02    0.25303e+05
    0.95583e-02    0.25495e+05
    0.97514e-02    0.25682e+05
    0.99484e-02    0.25864e+05
    0.10149e-01    0.26041e+05
    0.10354e-01    0.26212e+05
    0.10564e-01    0.26377e+05
    0.10777e-01    0.26536e+05
    0.10995e-01    0.26689e+05
    0.11217e-01    0.26835e+05
    0.11443e-01    0.26973e+05
    0.11675e-01    0.27105e+05
    0.11910e-01    0.27228e+05
    0.12151e-01    0.27344e+05
    0.12397e-01    0.27452e+05
    0.12647e-01    0.27550e+05
    0.12902e-01    0.27640e+05
    0.13163e-01    0.27721e+05
    0.13429e-01    0.27792e+05
    0.13700e-01    0.27854e+05
    0.13977e-01    0.27905e+05
    0.14259e-01    0.27946e+05
    0.14547e-01    0.27976e+05
    0.14841e-01    0.27996e+05
    0.15141e-01    0.28004e+05
    0.15447e-01    0.28000e+05
    0.15759e-01    0.27985e+05
    0.16077e-01    0.27958e+05
    0.16402e-01    0.27918e+05
    0.16734e-01    0.27866e+05
    0.17072e-01    0.27801e+05
    0.17416e-01    0.27723e+05
    0.17768e-01    0.27633e+05
    0.18127e-01    0.27529e+05
    0.18493e-01    0.27412e+05
    0.18867e-01    0.27281e+05
    0.19248e-01    0.27137e+05
    0.19637e-01    0.26979e+05
    0.20034e-01    0.26808e+05
    0.20438e-01    0.26624e+05
    0.20851e-01    0.26426e+05
    0.21272e-01    0.26214e+05
    0.21702e-01    0.25990e+05
    0.22141e-01    0.25752e+05
    0.22588e-01    0.25502e+05
    0.23044e-01    0.25240e+05
    0.23510e-01    0.24965e+05
    0.23985e-01    0.24678e+05
    0.24469e-01    0.24380e+05
    0.24964e-01    0.24071e+05
    0.25468e-01    0.23752e+05
    0.25982e-01    0.23423e+05
    0.26507e-01    0.23085e+05
    0.27043e-01    0.22738e+05
    0.27589e-01    0.22383e+05
    0.28146e-01    0.22022e+05
    0.28715e-01    0.21655e+05
    0.29295e-01    0.21282e+05
    0.29887e-01    0.20905e+05
    0.30490e-01    0.20525e+05
    0.31106e-01    0.20142e+05
    0.31735e-01    0.19758e+05
    0.32376e-01    0.19373e+05
    0.33030e-01    0.18989e+05
    0.33697e-01    0.18608e+05
    0.34378e-01    0.18228e+05
    0.35072e-01    0.17852e+05
    0.35781e-01    0.17477e+05
    0.36504e-01    0.17107e+05
    0.37241e-01    0.16744e+05
    0.37993e-01    0.16389e+05
    0.38761e-01    0.16043e+05
    0.39544e-01    0.15707e+05
    0.40343e-01    0.15382e+05
    0.41158e-01    0.15068e+05
    0.41989e-01    0.14767e+05
    0.42838e-01    0.14478e+05
    0.43703e-01    0.14202e+05
    0.44586e-01    0.13938e+05
    0.45486e-01    0.13687e+05
    0.46405e-01    0.13447e+05
    0.47343e-01    0.13220e+05
    0.48299e-01    0.13003e+05
    0.49275e-01    0.12796e+05
    0.50270e-01    0.12598e+05
    0.51286e-01    0.12410e+05
    0.52322e-01    0.12231e+05
    0.53379e-01    0.12060e+05
    0.54457e-01    0.11894e+05
    0.55557e-01    0.11731e+05
    0.56680e-01    0.11580e+05
    0.57825e-01    0.11436e+05
    0.58993e-01    0.11291e+05
    0.60184e-01    0.11136e+05
    0.61400e-01    0.10975e+05
    0.62641e-01    0.10810e+05
    0.63906e-01    0.10638e+05
    0.65197e-01    0.10458e+05
    0.66514e-01    0.10267e+05
    0.67858e-01    0.10065e+05
    0.69229e-01    0.98505e+04
    0.70627e-01    0.96237e+04
    0.72054e-01    0.93844e+04
    0.73510e-01    0.91331e+04
    0.74994e-01    0.88708e+04
    0.76509e-01    0.85990e+04
    0.78055e-01    0.83196e+04
    0.79632e-01    0.80348e+04
    0.81241e-01    0.77471e+04
    0.82882e-01    0.74593e+04
    0.84556e-01    0.71741e+04
    0.86264e-01    0.68946e+04
    0.88007e-01    0.66235e+04
    0.89785e-01    0.63637e+04
    0.91598e-01    0.61178e+04
    0.93449e-01    0.58879e+04
    0.95337e-01    0.56758e+04
    0.97263e-01    0.54826e+04
    0.99227e-01    0.53088e+04
    0.10123e+00    0.51541e+04
    0.10328e+00    0.50178e+04
    0.10536e+00    0.48985e+04
    0.10749e+00    0.47943e+04
    0.10966e+00    0.47027e+04
    0.11188e+00    0.46208e+04
    0.11414e+00    0.45450e+04
    0.11644e+00    0.44714e+04
    0.11880e+00    0.43955e+04
    0.12120e+00    0.43131e+04
    0.12365e+00    0.42206e+04
    0.12614e+00    0.41155e+04
    0.12869e+00    0.39969e+04
    0.13129e+00    0.38656e+04
    0.13394e+00    0.37236e+04
    0.13665e+00    0.35736e+04
    0.13941e+00    0.34189e+04
    0.14223e+00    0.32630e+04
    0.14510e+00    0.31096e+04
    0.14803e+00    0.29625e+04
    0.15102e+00    0.28257e+04
    0.15407e+00    0.27028e+04
    0.15718e+00    0.25959e+04
    0.16036e+00    0.25054e+04
    0.16360e+00    0.24301e+04
    0.16690e+00    0.23670e+04
    0.17028e+00    0.23129e+04
    0.17371e+00    0.22640e+04
    0.17722e+00    0.22166e+04
    0.18080e+00    0.21669e+04
    0.18446e+00    0.21113e+04
    0.18818e+00    0.20474e+04
    0.19198e+00    0.19747e+04
    0.19586e+00    0.18945e+04
    0.19982e+00    0.18097e+04
    0.20386e+00    0.17238e+04
    0.20797e+00    0.16404e+04
    0.21218e+00    0.15629e+04
    0.21646e+00    0.14942e+04
    0.22083e+00    0.14358e+04
    0.22530e+00    0.13869e+04
    0.22985e+00    0.13457e+04
    0.23449e+00    0.13090e+04
    0.23923e+00    0.12736e+04
    0.24406e+00    0.12368e+04
    0.24899e+00    0.11966e+04
    0.25402e+00    0.11518e+04
    0.25915e+00    0.11032e+04
    0.26439e+00    0.10532e+04
    0.26973e+00    0.10043e+04
    0.27518e+00    0.95885e+03
    0.28074e+00    0.91834e+03
    0.28641e+00    0.88324e+03
    0.29219e+00    0.85267e+03
    0.29810e+00    0.82479e+03
    0.30412e+00    0.79768e+03
    0.31026e+00    0.76950e+03
    0.31653e+00    0.73967e+03
    0.32292e+00    0.70842e+03
    0.32945e+00    0.67704e+03
    0.33610e+00    0.64712e+03
    0.34289e+00    0.61964e+03
    0.34982e+00    0.59504e+03
    0.35689e+00    0.57270e+03
    0.36409e+00    0.55159e+03
    0.37145e+00    0.53079e+03
    0.37895e+00    0.50959e+03
    0.38661e+00    0.48820e+03
    0.39442e+00    0.46710e+03
    0.40239e+00    0.44701e+03
    0.41052e+00    0.42845e+03
    0.41881e+00    0.41123e+03
    0.42727e+00    0.39495e+03
    0.43590e+00    0.37911e+03
    0.44471e+00    0.36339e+03
    0.45369e+00    0.34795e+03
    0.46286e+00    0.33305e+03
    0.47221e+00    0.31893e+03
    0.48174e+00    0.30567e+03
    0.49148e+00    0.29304e+03
    0.50141e+00    0.28082e+03
    0.51153e+00    0.26893e+03
    0.52187e+00    0.25739e+03
    0.53241e+00    0.24635e+03
    0.54317e+00    0.23587e+03
    0.55414e+00    0.22586e+03
    0.56533e+00    0.21623e+03
    0.57675e+00    0.20695e+03
    0.58840e+00    0.19800e+03
    0.60029e+00    0.18943e+03
    0.61242e+00    0.18125e+03
    0.62479e+00    0.17342e+03
    0.63741e+00    0.16590e+03
    0.65029e+00    0.15869e+03
    0.66342e+00    0.15177e+03
    0.67683e+00    0.14514e+03
    0.69050e+00    0.13877e+03
    0.70445e+00    0.13267e+03
    0.71868e+00    0.12683e+03
    0.73320e+00    0.12123e+03
    0.74801e+00    0.11587e+03
    0.76312e+00    0.11073e+03
    0.77854e+00    0.10582e+03
    0.79426e+00    0.10111e+03
    0.81031e+00    0.96606e+02
    0.82668e+00    0.92295e+02
    0.84338e+00    0.88169e+02
    0.86041e+00    0.84220e+02
    0.87780e+00    0.80440e+02
    0.89553e+00    0.76824e+02
    0.91362e+00    0.73362e+02
    0.93208e+00    0.70050e+02
    0.95091e+00    0.66880e+02
    0.97011e+00    0.63848e+02
    0.98971e+00    0.60946e+02
    0.10097e+01    0.58170e+02
    0.10301e+01    0.55517e+02
    0.10509e+01    0.52980e+02
    0.10721e+01    0.50555e+02
    0.10938e+01    0.48239e+02
    0.11159e+01    0.46027e+02
    0.11384e+01    0.43914e+02
    0.11614e+01    0.41898e+02
    0.11849e+01    0.39973e+02
