    0.10000E-03    0.58315E+03
    0.10202E-03    0.59444E+03
    0.10408E-03    0.60596E+03
    0.10618E-03    0.61770E+03
    0.10833E-03    0.62966E+03
    0.11052E-03    0.64186E+03
    0.11275E-03    0.65429E+03
    0.11503E-03    0.66696E+03
    0.11735E-03    0.67988E+03
    0.11972E-03    0.69305E+03
    0.12214E-03    0.70647E+03
    0.12461E-03    0.72015E+03
    0.12712E-03    0.73410E+03
    0.12969E-03    0.74832E+03
    0.13231E-03    0.76281E+03
    0.13499E-03    0.77758E+03
    0.13771E-03    0.79263E+03
    0.14049E-03    0.80798E+03
    0.14333E-03    0.82362E+03
    0.14623E-03    0.83957E+03
    0.14918E-03    0.85582E+03
    0.15220E-03    0.87239E+03
    0.15527E-03    0.88927E+03
    0.15841E-03    0.90648E+03
    0.16161E-03    0.92403E+03
    0.16487E-03    0.94191E+03
    0.16820E-03    0.96014E+03
    0.17160E-03    0.97871E+03
    0.17507E-03    0.99765E+03
    0.17860E-03    0.10170E+04
    0.18221E-03    0.10366E+04
    0.18589E-03    0.10567E+04
    0.18965E-03    0.10771E+04
    0.19348E-03    0.10979E+04
    0.19739E-03    0.11192E+04
    0.20138E-03    0.11408E+04
    0.20544E-03    0.11629E+04
    0.20959E-03    0.11854E+04
    0.21383E-03    0.12083E+04
    0.21815E-03    0.12316E+04
    0.22255E-03    0.12554E+04
    0.22705E-03    0.12797E+04
    0.23164E-03    0.13044E+04
    0.23632E-03    0.13296E+04
    0.24109E-03    0.13553E+04
    0.24596E-03    0.13815E+04
    0.25093E-03    0.14081E+04
    0.25600E-03    0.14353E+04
    0.26117E-03    0.14630E+04
    0.26645E-03    0.14913E+04
    0.27183E-03    0.15201E+04
    0.27732E-03    0.15494E+04
    0.28292E-03    0.15793E+04
    0.28864E-03    0.16097E+04
    0.29447E-03    0.16408E+04
    0.30042E-03    0.16724E+04
    0.30649E-03    0.17047E+04
    0.31268E-03    0.17375E+04
    0.31899E-03    0.17710E+04
    0.32544E-03    0.18051E+04
    0.33201E-03    0.18399E+04
    0.33872E-03    0.18753E+04
    0.34556E-03    0.19114E+04
    0.35254E-03    0.19482E+04
    0.35966E-03    0.19856E+04
    0.36693E-03    0.20238E+04
    0.37434E-03    0.20627E+04
    0.38190E-03    0.21024E+04
    0.38962E-03    0.21428E+04
    0.39749E-03    0.21839E+04
    0.40552E-03    0.22259E+04
    0.41371E-03    0.22686E+04
    0.42207E-03    0.23121E+04
    0.43060E-03    0.23565E+04
    0.43929E-03    0.24016E+04
    0.44817E-03    0.24477E+04
    0.45722E-03    0.24946E+04
    0.46646E-03    0.25423E+04
    0.47588E-03    0.25910E+04
    0.48550E-03    0.26405E+04
    0.49530E-03    0.26910E+04
    0.50531E-03    0.27425E+04
    0.51552E-03    0.27949E+04
    0.52593E-03    0.28482E+04
    0.53656E-03    0.29026E+04
    0.54739E-03    0.29579E+04
    0.55845E-03    0.30143E+04
    0.56973E-03    0.30717E+04
    0.58124E-03    0.31302E+04
    0.59299E-03    0.31898E+04
    0.60496E-03    0.32504E+04
    0.61719E-03    0.33122E+04
    0.62965E-03    0.33751E+04
    0.64237E-03    0.34391E+04
    0.65535E-03    0.35044E+04
    0.66859E-03    0.35708E+04
    0.68210E-03    0.36384E+04
    0.69588E-03    0.37072E+04
    0.70993E-03    0.37773E+04
    0.72427E-03    0.38487E+04
    0.73891E-03    0.39213E+04
    0.75383E-03    0.39952E+04
    0.76906E-03    0.40705E+04
    0.78460E-03    0.41471E+04
    0.80045E-03    0.42251E+04
    0.81662E-03    0.43045E+04
    0.83311E-03    0.43853E+04
    0.84994E-03    0.44675E+04
    0.86711E-03    0.45512E+04
    0.88463E-03    0.46363E+04
    0.90250E-03    0.47230E+04
    0.92073E-03    0.48112E+04
    0.93933E-03    0.49009E+04
    0.95831E-03    0.49922E+04
    0.97767E-03    0.50850E+04
    0.99742E-03    0.51795E+04
    0.10176E-02    0.52756E+04
    0.10381E-02    0.53734E+04
    0.10591E-02    0.54728E+04
    0.10805E-02    0.55739E+04
    0.11023E-02    0.56768E+04
    0.11246E-02    0.57814E+04
    0.11473E-02    0.58877E+04
    0.11705E-02    0.59959E+04
    0.11941E-02    0.61059E+04
    0.12182E-02    0.62177E+04
    0.12429E-02    0.63313E+04
    0.12680E-02    0.64469E+04
    0.12936E-02    0.65643E+04
    0.13197E-02    0.66837E+04
    0.13464E-02    0.68050E+04
    0.13736E-02    0.69282E+04
    0.14013E-02    0.70535E+04
    0.14296E-02    0.71808E+04
    0.14585E-02    0.73101E+04
    0.14880E-02    0.74414E+04
    0.15180E-02    0.75748E+04
    0.15487E-02    0.77103E+04
    0.15800E-02    0.78480E+04
    0.16119E-02    0.79877E+04
    0.16445E-02    0.81296E+04
    0.16777E-02    0.82737E+04
    0.17116E-02    0.84199E+04
    0.17462E-02    0.85683E+04
    0.17814E-02    0.87190E+04
    0.18174E-02    0.88719E+04
    0.18541E-02    0.90270E+04
    0.18916E-02    0.91844E+04
    0.19298E-02    0.93441E+04
    0.19688E-02    0.95060E+04
    0.20086E-02    0.96703E+04
    0.20491E-02    0.98368E+04
    0.20905E-02    0.10006E+05
    0.21328E-02    0.10177E+05
    0.21758E-02    0.10350E+05
    0.22198E-02    0.10526E+05
    0.22646E-02    0.10705E+05
    0.23104E-02    0.10885E+05
    0.23571E-02    0.11068E+05
    0.24047E-02    0.11253E+05
    0.24533E-02    0.11441E+05
    0.25028E-02    0.11631E+05
    0.25534E-02    0.11823E+05
    0.26050E-02    0.12018E+05
    0.26576E-02    0.12215E+05
    0.27113E-02    0.12414E+05
    0.27660E-02    0.12616E+05
    0.28219E-02    0.12820E+05
    0.28789E-02    0.13026E+05
    0.29371E-02    0.13235E+05
    0.29964E-02    0.13445E+05
    0.30569E-02    0.13658E+05
    0.31187E-02    0.13874E+05
    0.31817E-02    0.14091E+05
    0.32460E-02    0.14311E+05
    0.33115E-02    0.14532E+05
    0.33784E-02    0.14756E+05
    0.34467E-02    0.14982E+05
    0.35163E-02    0.15210E+05
    0.35874E-02    0.15440E+05
    0.36598E-02    0.15672E+05
    0.37338E-02    0.15906E+05
    0.38092E-02    0.16141E+05
    0.38861E-02    0.16379E+05
    0.39646E-02    0.16618E+05
    0.40447E-02    0.16859E+05
    0.41264E-02    0.17101E+05
    0.42098E-02    0.17345E+05
    0.42948E-02    0.17591E+05
    0.43816E-02    0.17838E+05
    0.44701E-02    0.18086E+05
    0.45604E-02    0.18336E+05
    0.46525E-02    0.18586E+05
    0.47465E-02    0.18838E+05
    0.48424E-02    0.19091E+05
    0.49402E-02    0.19345E+05
    0.50400E-02    0.19599E+05
    0.51419E-02    0.19854E+05
    0.52457E-02    0.20110E+05
    0.53517E-02    0.20366E+05
    0.54598E-02    0.20623E+05
    0.55701E-02    0.20880E+05
    0.56826E-02    0.21136E+05
    0.57974E-02    0.21393E+05
    0.59145E-02    0.21650E+05
    0.60340E-02    0.21906E+05
    0.61559E-02    0.22162E+05
    0.62803E-02    0.22417E+05
    0.64072E-02    0.22672E+05
    0.65366E-02    0.22925E+05
    0.66686E-02    0.23177E+05
    0.68033E-02    0.23428E+05
    0.69408E-02    0.23678E+05
    0.70810E-02    0.23926E+05
    0.72240E-02    0.24172E+05
    0.73700E-02    0.24416E+05
    0.75189E-02    0.24657E+05
    0.76708E-02    0.24896E+05
    0.78257E-02    0.25133E+05
    0.79838E-02    0.25366E+05
    0.81451E-02    0.25597E+05
    0.83096E-02    0.25824E+05
    0.84775E-02    0.26047E+05
    0.86488E-02    0.26266E+05
    0.88235E-02    0.26482E+05
    0.90017E-02    0.26693E+05
    0.91836E-02    0.26899E+05
    0.93691E-02    0.27100E+05
    0.95583E-02    0.27297E+05
    0.97514E-02    0.27487E+05
    0.99484E-02    0.27672E+05
    0.10149E-01    0.27852E+05
    0.10354E-01    0.28024E+05
    0.10564E-01    0.28190E+05
    0.10777E-01    0.28349E+05
    0.10995E-01    0.28501E+05
    0.11217E-01    0.28645E+05
    0.11443E-01    0.28781E+05
    0.11675E-01    0.28909E+05
    0.11910E-01    0.29029E+05
    0.12151E-01    0.29141E+05
    0.12397E-01    0.29243E+05
    0.12647E-01    0.29337E+05
    0.12902E-01    0.29420E+05
    0.13163E-01    0.29493E+05
    0.13429E-01    0.29553E+05
    0.13700E-01    0.29601E+05
    0.13977E-01    0.29637E+05
    0.14259E-01    0.29664E+05
    0.14547E-01    0.29682E+05
    0.14841E-01    0.29695E+05
    0.15141E-01    0.29702E+05
    0.15447E-01    0.29704E+05
    0.15759E-01    0.29695E+05
    0.16077E-01    0.29672E+05
    0.16402E-01    0.29632E+05
    0.16734E-01    0.29572E+05
    0.17072E-01    0.29493E+05
    0.17416E-01    0.29397E+05
    0.17768E-01    0.29286E+05
    0.18127E-01    0.29162E+05
    0.18493E-01    0.29028E+05
    0.18867E-01    0.28881E+05
    0.19248E-01    0.28719E+05
    0.19637E-01    0.28541E+05
    0.20034E-01    0.28345E+05
    0.20438E-01    0.28129E+05
    0.20851E-01    0.27894E+05
    0.21272E-01    0.27644E+05
    0.21702E-01    0.27381E+05
    0.22141E-01    0.27107E+05
    0.22588E-01    0.26825E+05
    0.23044E-01    0.26535E+05
    0.23510E-01    0.26237E+05
    0.23985E-01    0.25930E+05
    0.24469E-01    0.25615E+05
    0.24964E-01    0.25292E+05
    0.25468E-01    0.24960E+05
    0.25982E-01    0.24619E+05
    0.26507E-01    0.24268E+05
    0.27043E-01    0.23909E+05
    0.27589E-01    0.23539E+05
    0.28146E-01    0.23162E+05
    0.28715E-01    0.22777E+05
    0.29295E-01    0.22387E+05
    0.29887E-01    0.21992E+05
    0.30490E-01    0.21594E+05
    0.31106E-01    0.21194E+05
    0.31735E-01    0.20795E+05
    0.32376E-01    0.20397E+05
    0.33030E-01    0.20001E+05
    0.33697E-01    0.19610E+05
    0.34378E-01    0.19224E+05
    0.35072E-01    0.18844E+05
    0.35781E-01    0.18471E+05
    0.36504E-01    0.18104E+05
    0.37241E-01    0.17745E+05
    0.37993E-01    0.17395E+05
    0.38761E-01    0.17053E+05
    0.39544E-01    0.16721E+05
    0.40343E-01    0.16399E+05
    0.41158E-01    0.16087E+05
    0.41989E-01    0.15787E+05
    0.42838E-01    0.15499E+05
    0.43703E-01    0.15224E+05
    0.44586E-01    0.14962E+05
    0.45486E-01    0.14715E+05
    0.46405E-01    0.14479E+05
    0.47343E-01    0.14255E+05
    0.48299E-01    0.14040E+05
    0.49275E-01    0.13834E+05
    0.50270E-01    0.13636E+05
    0.51286E-01    0.13445E+05
    0.52322E-01    0.13259E+05
    0.53379E-01    0.13077E+05
    0.54457E-01    0.12899E+05
    0.55557E-01    0.12721E+05
    0.56680E-01    0.12543E+05
    0.57825E-01    0.12362E+05
    0.58993E-01    0.12178E+05
    0.60184E-01    0.11988E+05
    0.61400E-01    0.11793E+05
    0.62641E-01    0.11588E+05
    0.63906E-01    0.11373E+05
    0.65197E-01    0.11144E+05
    0.66514E-01    0.10905E+05
    0.67858E-01    0.10658E+05
    0.69229E-01    0.10406E+05
    0.70627E-01    0.10148E+05
    0.72054E-01    0.98754E+04
    0.73510E-01    0.95862E+04
    0.74994E-01    0.92840E+04
    0.76509E-01    0.89754E+04
    0.78055E-01    0.86654E+04
    0.79632E-01    0.83562E+04
    0.81241E-01    0.80497E+04
    0.82882E-01    0.77484E+04
    0.84556E-01    0.74558E+04
    0.86264E-01    0.71747E+04
    0.88007E-01    0.69080E+04
    0.89785E-01    0.66580E+04
    0.91598E-01    0.64265E+04
    0.93449E-01    0.62149E+04
    0.95337E-01    0.60240E+04
    0.97263E-01    0.58535E+04
    0.99227E-01    0.57024E+04
    0.10123E+00    0.55691E+04
    0.10328E+00    0.54510E+04
    0.10536E+00    0.53450E+04
    0.10749E+00    0.52477E+04
    0.10966E+00    0.51553E+04
    0.11188E+00    0.50640E+04
    0.11414E+00    0.49699E+04
    0.11644E+00    0.48694E+04
    0.11880E+00    0.47596E+04
    0.12120E+00    0.46382E+04
    0.12365E+00    0.45046E+04
    0.12614E+00    0.43589E+04
    0.12869E+00    0.42029E+04
    0.13129E+00    0.40389E+04
    0.13394E+00    0.38702E+04
    0.13665E+00    0.37003E+04
    0.13941E+00    0.35332E+04
    0.14223E+00    0.33729E+04
    0.14510E+00    0.32235E+04
    0.14803E+00    0.30884E+04
    0.15102E+00    0.29699E+04
    0.15407E+00    0.28681E+04
    0.15718E+00    0.27817E+04
    0.16036E+00    0.27079E+04
    0.16360E+00    0.26432E+04
    0.16690E+00    0.25839E+04
    0.17028E+00    0.25262E+04
    0.17371E+00    0.24664E+04
    0.17722E+00    0.24010E+04
    0.18080E+00    0.23274E+04
    0.18446E+00    0.22451E+04
    0.18818E+00    0.21556E+04
    0.19198E+00    0.20619E+04
    0.19586E+00    0.19678E+04
    0.19982E+00    0.18768E+04
    0.20386E+00    0.17919E+04
    0.20797E+00    0.17156E+04
    0.21218E+00    0.16493E+04
    0.21646E+00    0.15927E+04
    0.22083E+00    0.15439E+04
    0.22530E+00    0.15000E+04
    0.22985E+00    0.14579E+04
    0.23449E+00    0.14145E+04
    0.23923E+00    0.13677E+04
    0.24406E+00    0.13167E+04
    0.24899E+00    0.12624E+04
    0.25402E+00    0.12070E+04
    0.25915E+00    0.11528E+04
    0.26439E+00    0.11022E+04
    0.26973E+00    0.10564E+04
    0.27518E+00    0.10162E+04
    0.28074E+00    0.98057E+03
    0.28641E+00    0.94777E+03
    0.29219E+00    0.91576E+03
    0.29810E+00    0.88305E+03
    0.30412E+00    0.84896E+03
    0.31026E+00    0.81375E+03
    0.31653E+00    0.77857E+03
    0.32292E+00    0.74496E+03
    0.32945E+00    0.71388E+03
    0.33610E+00    0.68553E+03
    0.34289E+00    0.65954E+03
    0.34982E+00    0.63500E+03
    0.35689E+00    0.61085E+03
    0.36409E+00    0.58655E+03
    0.37145E+00    0.56219E+03
    0.37895E+00    0.53828E+03
    0.38661E+00    0.51551E+03
    0.39442E+00    0.49421E+03
    0.40239E+00    0.47432E+03
    0.41052E+00    0.45546E+03
    0.41881E+00    0.43715E+03
    0.42727E+00    0.41914E+03
    0.43590E+00    0.40149E+03
    0.44471E+00    0.38445E+03
    0.45369E+00    0.36829E+03
    0.46286E+00    0.35297E+03
    0.47221E+00    0.33839E+03
    0.48174E+00    0.32431E+03
    0.49148E+00    0.31063E+03
    0.50141E+00    0.29741E+03
    0.51153E+00    0.28473E+03
    0.52187E+00    0.27265E+03
    0.53241E+00    0.26110E+03
    0.54317E+00    0.25000E+03
    0.55414E+00    0.23930E+03
    0.56533E+00    0.22903E+03
    0.57675E+00    0.21917E+03
    0.58840E+00    0.20972E+03
    0.60029E+00    0.20067E+03
    0.61242E+00    0.19198E+03
    0.62479E+00    0.18366E+03
    0.63741E+00    0.17567E+03
    0.65029E+00    0.16802E+03
    0.66342E+00    0.16068E+03
    0.67683E+00    0.15365E+03
    0.69050E+00    0.14691E+03
    0.70445E+00    0.14045E+03
    0.71868E+00    0.13427E+03
    0.73320E+00    0.12834E+03
    0.74801E+00    0.12266E+03
    0.76312E+00    0.11722E+03
    0.77854E+00    0.11202E+03
    0.79426E+00    0.10703E+03
    0.81031E+00    0.10226E+03
    0.82668E+00    0.97686E+02
    0.84338E+00    0.93312E+02
    0.86041E+00    0.89126E+02
    0.87780E+00    0.85120E+02
    0.89553E+00    0.81287E+02
    0.91362E+00    0.77620E+02
    0.93208E+00    0.74112E+02
    0.95091E+00    0.70757E+02
    0.97011E+00    0.67548E+02
    0.98971E+00    0.64479E+02
    0.10097E+01    0.61545E+02
    0.10301E+01    0.58740E+02
    0.10509E+01    0.56057E+02
    0.10721E+01    0.53494E+02
    0.10938E+01    0.51043E+02
    0.11159E+01    0.48701E+02
    0.11384E+01    0.46463E+02
    0.11614E+01    0.44325E+02
    0.11849E+01    0.42281E+02
    0.12088E+01    0.40330E+02
    0.12333E+01    0.38465E+02
    0.12582E+01    0.36684E+02
    0.12836E+01    0.34983E+02
    0.13095E+01    0.33358E+02
    0.13360E+01    0.31807E+02
    0.13630E+01    0.30325E+02
    0.13905E+01    0.28910E+02
    0.14186E+01    0.27560E+02
    0.14472E+01    0.26270E+02
    0.14765E+01    0.25039E+02
    0.15063E+01    0.23864E+02
    0.15367E+01    0.22742E+02
    0.15678E+01    0.21671E+02
    0.15994E+01    0.20649E+02
    0.16318E+01    0.19674E+02
    0.16647E+01    0.18743E+02
    0.16984E+01    0.17855E+02
    0.17327E+01    0.17007E+02
    0.17677E+01    0.16199E+02
    0.18034E+01    0.15428E+02
    0.18398E+01    0.14693E+02
    0.18770E+01    0.13992E+02
    0.19149E+01    0.13323E+02
    0.19536E+01    0.12686E+02
    0.19930E+01    0.12079E+02
    0.20333E+01    0.11500E+02
    0.20744E+01    0.10949E+02
    0.21163E+01    0.10424E+02
    0.21590E+01    0.99238E+01
    0.22026E+01    0.94473E+01
    0.22471E+01    0.89936E+01
    0.22925E+01    0.85616E+01
    0.23388E+01    0.81502E+01
